1 2002 06 01 23:59 1649 123
2 2002 06 02 23:59 1649 123
3 2002 06 03 23:59 1500 106
4 2002 06 04 23:59 4495 516
5 2002 06 05 23:59 7330 803
6 2002 06 06 23:59 8415 884
7 2002 06 07 23:59 10880 1049
8 2002 06 08 23:59 10880 1049
9 2002 06 09 23:59 10880 1049
10 2002 06 10 23:59 13844 1483
11 2002 06 11 23:59 16833 1892
12 2002 06 12 23:59 19394 2298
13 2002 06 13 23:59 19394 2298
14 2002 06 14 23:59 19394 2298
15 2002 06 15 23:59 19413 2299
16 2002 06 16 23:59 19413 2299
17 2002 06 17 23:59 20103 2405
18 2002 06 18 23:59 22822 2830
19 2002 06 19 23:59 22901 2835
20 2002 06 20 23:59 22874 2833
21 2002 06 21 23:59 24988 2934
22 2002 06 22 23:59 24988 2934
23 2002 06 23 23:59 24988 2934
24 2002 06 24 23:59 24988 2934
25 2002 06 25 23:59 24988 2934
26 2002 06 26 23:59 25235 2961
27 2002 06 27 23:59 25235 2961
28 2002 06 28 23:59 25235 2961
29 2002 06 29 23:59 25235 2961
30 2002 06 30 23:59 25235 2961
31 2002 07 01 23:59 25235 2961
32 2002 07 02 23:59 25235 2961
33 2002 07 03 23:59 25235 2961
34 2002 07 04 23:59 25235 2961
35 2002 07 05 23:59 25235 2961
36 2002 07 06 23:59 25235 2961
37 2002 07 07 23:59 25235 2961
38 2002 07 08 23:59 25235 2961
39 2002 07 09 23:59 25235 2961
40 2002 07 10 23:59 25235 2961
41 2002 07 11 23:59 25235 2961
42 2002 07 12 23:59 25235 2961
43 2002 07 13 23:59 25235 2961
44 2002 07 14 23:59 27184 3144
45 2002 07 15 23:59 27184 3144
46 2002 07 16 23:59 27184 3144
47 2002 07 17 23:59 30459 3705
48 2002 07 18 23:59 30459 3705
49 2002 07 19 23:59 30459 3705
50 2002 07 20 23:59 30459 3705
51 2002 07 21 23:59 30459 3705
52 2002 07 22 23:59 30345 3705
53 2002 07 23 23:59 30345 3705
54 2002 07 24 23:59 30345 3705
55 2002 07 25 23:59 30345 3705
56 2002 07 26 23:59 30345 3705
57 2002 07 27 23:59 30345 3705
58 2002 07 28 23:59 30345 3705
59 2002 07 29 23:59 30345 3705
60 2002 07 30 23:59 30345 3705
61 2002 07 31 23:59 30345 3705
62 2002 08 01 23:59 30662 3762
63 2002 08 02 23:59 30662 3762
64 2002 08 03 23:59 30662 3762
65 2002 08 04 23:59 30662 3762
66 2002 08 05 23:59 30662 3762
67 2002 08 06 23:59 30662 3762
68 2002 08 07 23:59 30662 3762
69 2002 08 08 23:59 30662 3762
70 2002 08 09 23:59 33439 4214
71 2002 08 10 23:59 33439 4214
72 2002 08 11 23:59 33439 4214
73 2002 08 12 23:59 33439 4214
74 2002 08 13 23:59 33209 4178
75 2002 08 14 23:59 35356 4455
76 2002 08 15 23:59 35893 4512
77 2002 08 16 23:59 39372 5010
78 2002 08 17 23:59 39372 5010
79 2002 08 18 23:59 39372 5010
80 2002 08 19 23:59 39372 5010
81 2002 08 20 23:59 39621 5039
82 2002 08 21 23:59 39621 5039
83 2002 08 22 23:59 42902 5563
84 2002 08 23 23:59 45724 5956
85 2002 08 24 23:59 45724 5956
86 2002 08 25 23:59 45724 5956
87 2002 08 26 23:59 48326 6354
88 2002 08 27 23:59 45994 5982
89 2002 08 28 23:59 48888 6462
90 2002 08 29 23:59 49899 6630
91 2002 08 30 23:59 42806 5572
92 2002 08 31 23:59 44279 5824
93 2002 09 01 23:59 44768 5886
94 2002 09 02 23:59 47299 6090
95 2002 09 03 23:59 47282 6083
96 2002 09 04 23:59 47466 6119
97 2002 09 05 23:59 48005 6209
98 2002 09 06 23:59 48107 6212
99 2002 09 07 23:59 48107 6212
100 2002 09 08 23:59 48107 6212
101 2002 09 09 23:59 45406 5891
102 2002 09 10 23:59 45406 5891
103 2002 09 11 23:59 45406 5891
104 2002 09 12 23:59 45406 5891
105 2002 09 13 23:59 45406 5891
106 2002 09 14 23:59 45406 5891
107 2002 09 15 23:59 45406 5891
108 2002 09 16 23:59 46911 6131
109 2002 09 17 23:59 46911 6131
110 2002 09 18 23:59 46911 6131
111 2002 09 19 23:59 47145 6166
112 2002 09 20 23:59 46184 6007
113 2002 09 21 23:59 46184 6007
114 2002 09 22 23:59 46184 6007
115 2002 09 23 23:59 46176 6006
116 2002 09 24 23:59 47440 6195
117 2002 09 25 23:59 49057 6453
118 2002 09 26 23:59 49057 6453
119 2002 09 27 23:59 49057 6453
120 2002 09 28 23:59 49057 6453
121 2002 09 29 23:59 49820 6563
122 2002 09 30 23:59 49852 6566
123 2002 10 01 23:59 49143 6440
124 2002 10 02 23:59 50436 6655
125 2002 10 03 23:59 53166 7084
126 2002 10 04 23:59 53253 7088
127 2002 10 05 23:59 55233 7411
128 2002 10 06 23:59 55312 7420
129 2002 10 07 23:59 55845 7505
130 2002 10 08 23:59 57279 7743
131 2002 10 09 23:59 59883 8156
132 2002 10 10 23:59 60197 8197
133 2002 10 11 23:59 61388 8391
134 2002 10 12 23:59 61388 8391
135 2002 10 13 23:59 61388 8391
136 2002 10 14 23:59 66822 9221
137 2002 10 15 23:59 66430 9200
138 2002 10 16 23:59 66751 9275
139 2002 10 17 23:59 72864 10256
140 2002 10 18 23:59 72864 10256
141 2002 10 19 23:59 75781 10726
142 2002 10 20 23:59 81142 11555
143 2002 10 21 23:59 81142 11555
144 2002 10 22 23:59 81142 11555
145 2002 10 23 23:59 81142 11555
146 2002 10 24 23:59 81142 11555
147 2002 10 25 23:59 81142 11555
148 2002 10 26 23:59 81072 11544
149 2002 10 27 23:59 81072 11544
150 2002 10 28 23:59 81072 11544
151 2002 10 29 23:59 81072 11544
152 2002 10 30 23:59 81072 11544
153 2002 10 31 23:59 81072 11544
154 2002 11 01 23:59 81072 11544
155 2002 11 02 23:59 81072 11544
156 2002 11 03 23:59 81072 11544
157 2002 11 04 23:59 81072 11544
158 2002 11 05 23:59 81072 11544
159 2002 11 06 23:59 81072 11544
160 2002 11 07 23:59 81050 11544
161 2002 11 08 23:59 81050 11544
162 2002 11 09 23:59 95556 13812
163 2002 11 10 23:59 95974 13847
164 2002 11 11 23:59 96768 14533
165 2002 11 12 23:59 96768 14533
166 2002 11 13 23:59 104874 15661
167 2002 11 14 23:59 106730 15960
168 2002 11 15 23:59 106829 15972
169 2002 11 16 23:59 106829 15972
170 2002 11 17 23:59 106829 15972
171 2002 11 18 23:59 111338 16696
172 2002 11 19 23:59 117421 17504
173 2002 11 20 23:59 125006 17780
174 2002 11 21 23:59 123269 18118
175 2002 11 22 23:59 123164 18097
176 2002 11 23 23:59 123164 18097
177 2002 11 24 23:59 127921 18934
178 2002 11 25 23:59 127921 18934
179 2002 11 26 23:59 133057 19745
180 2002 11 27 23:59 133057 19745
181 2002 11 28 23:59 133453 19806
182 2002 11 29 23:59 133453 19806
183 2002 11 30 23:59 133453 19806
184 2002 12 01 23:59 133453 19806
185 2002 12 02 23:59 133393 19799
186 2002 12 03 23:59 134727 20005
187 2002 12 04 23:59 134729 20005
188 2002 12 05 23:59 134863 20028
192 2002 12 09 23:59 136621 20316
193 2002 12 10 23:59 136621 20316
194 2002 12 11 23:59 136621 20316
195 2002 12 12 23:59 136621 20316
196 2002 12 13 23:59 136621 20316
197 2002 12 14 23:59 136621 20316
198 2002 12 15 23:59 136621 20316
199 2002 12 16 23:59 136621 20316
200 2002 12 17 23:59 136621 20316
201 2002 12 18 23:59 136621 20316
202 2002 12 19 23:59 136620 20316
203 2002 12 20 23:59 136620 20316
204 2002 12 21 23:59 136620 20316
205 2002 12 22 23:59 136620 20316
206 2002 12 23 23:59 135107 20034
207 2002 12 24 23:59 135107 20034
214 2002 12 31 23:59 135107 20034
215 2003 01 01 23:59 135107 20034
216 2003 01 02 23:59 135107 20034
217 2003 01 03 23:59 135107 20034
218 2003 01 04 23:59 135107 20034
219 2003 01 05 23:59 135107 20034
220 2003 01 06 23:59 135107 20034
221 2003 01 07 23:59 135107 20034
222 2003 01 08 23:59 135135 20037
223 2003 01 09 23:59 135135 20037
224 2003 01 10 23:59 135135 20037
225 2003 01 11 23:59 135135 20037
226 2003 01 12 23:59 135135 20037
227 2003 01 13 23:59 135135 20037
228 2003 01 14 23:59 135135 20037
229 2003 01 15 23:59 135135 20037
230 2003 01 16 23:59 135135 20037
231 2003 01 17 23:59 135135 20037
232 2003 01 18 23:59 135135 20037
233 2003 01 19 23:59 135135 20037
234 2003 01 20 23:59 135135 20037
235 2003 01 21 23:59 135135 20037
236 2003 01 22 23:59 135135 20037
237 2003 01 23 23:59 135135 20037
238 2003 01 24 23:59 135135 20037
239 2003 01 25 23:59 135135 20037
240 2003 01 26 23:59 135135 20037
241 2003 01 27 23:59 135135 20037
242 2003 01 28 23:59 135135 20037
243 2003 01 29 23:59 135135 20037
244 2003 01 30 23:59 135137 20037
245 2003 01 31 23:59 135137 20037
246 2003 02 01 23:59 135137 20037
247 2003 02 02 23:59 135211 20050
248 2003 02 03 23:59 138663 20357
249 2003 02 04 23:59 138663 20357
250 2003 02 05 23:59 138663 20357
251 2003 02 06 23:59 138663 20357
252 2003 02 07 23:59 138663 20357
253 2003 02 08 23:59 138663 20357
254 2003 02 09 23:59 138663 20357
255 2003 02 10 23:59 138663 20357
256 2003 02 11 23:59 138663 20357
257 2003 02 12 23:59 138631 20346
258 2003 02 13 23:59 138631 20346
259 2003 02 14 23:59 154676 22183
260 2003 02 15 23:59 163155 23449
261 2003 02 16 23:59 163152 23453
262 2003 02 17 23:59 163152 23453
263 2003 02 18 23:59 163152 23453
264 2003 02 19 23:59 162408 23323
265 2003 02 20 23:59 162408 23323
266 2003 02 21 23:59 162408 23323
267 2003 02 22 23:59 162408 23323
268 2003 02 23 23:59 162408 23323
269 2003 02 24 23:59 162408 23323
270 2003 02 25 23:59 162450 23325
271 2003 02 26 23:59 162450 23325
272 2003 02 27 23:59 162450 23325
273 2003 02 28 23:59 162450 23325
274 2003 03 01 23:59 162450 23325
275 2003 03 02 23:59 162450 23325
276 2003 03 03 23:59 162450 23325
277 2003 03 04 23:59 162450 23325
278 2003 03 05 23:59 162450 23325
279 2003 03 06 23:59 162450 23325
280 2003 03 07 23:59 162450 23325
281 2003 03 08 23:59 162450 23325
282 2003 03 09 23:59 162450 23325
283 2003 03 10 23:59 168101 24216
284 2003 03 11 23:59 168767 24271
285 2003 03 12 23:59 168743 24269
286 2003 03 13 23:59 168747 24269
287 2003 03 14 23:59 168747 24269
288 2003 03 15 23:59 168747 24269
289 2003 03 16 23:59 168775 24278
290 2003 03 17 23:59 187181 26956
291 2003 03 18 23:59 187181 26956
292 2003 03 19 23:59 196661 28419
293 2003 03 20 23:59 196661 28419
294 2003 03 21 23:59 203521 29422
295 2003 03 22 23:59 205824 29694
296 2003 03 23 23:59 206271 29747
297 2003 03 24 23:59 206857 29645
298 2003 03 25 23:59 207932 29786
299 2003 03 26 23:59 207932 29786
300 2003 03 27 23:59 212504 30460
301 2003 03 28 23:59 215942 30768
302 2003 03 29 23:59 215284 31066
303 2003 03 30 23:59 226024 32662
304 2003 03 31 23:59 230701 33371
305 2003 04 01 23:59 230701 33371
306 2003 04 02 23:59 233956 33833
307 2003 04 03 23:59 233956 33833
308 2003 04 04 23:59 233956 33833
309 2003 04 05 23:59 233956 33833
310 2003 04 06 23:59 238913 34537
311 2003 04 07 23:59 239333 34568
312 2003 04 08 23:59 239342 34569
313 2003 04 09 23:59 239342 34569
314 2003 04 10 23:59 247507 35851
315 2003 04 11 23:59 251361 36502
316 2003 04 12 23:59 251748 36580
317 2003 04 13 23:59 251727 36578
318 2003 04 14 23:59 251880 36603
319 2003 04 15 23:59 251880 36603
320 2003 04 16 23:59 251898 36604
321 2003 04 17 23:59 251898 36604
322 2003 04 18 23:59 252050 36611
323 2003 04 19 23:59 252050 36611
324 2003 04 20 23:59 252050 36611
325 2003 04 21 23:59 252050 36611
326 2003 04 22 23:59 252050 36611
327 2003 04 23 23:59 252050 36611
328 2003 04 24 23:59 252050 36611
329 2003 04 25 23:59 252050 36611
330 2003 04 26 23:59 252050 36611
331 2003 04 27 23:59 252050 36611
332 2003 04 28 23:59 252069 36612
333 2003 04 29 23:59 252069 36612
334 2003 04 30 23:59 253347 36788
335 2003 05 01 23:59 253347 36788
336 2003 05 02 23:59 253347 36788
337 2003 05 03 23:59 253347 36788
338 2003 05 04 23:59 253347 36788
339 2003 05 05 23:59 272659 39604
340 2003 05 06 23:59 272659 39604
341 2003 05 07 23:59 294445 42761
342 2003 05 08 23:59 295955 42947
343 2003 05 09 23:59 295529 42918
344 2003 05 10 23:59 294492 42857
345 2003 05 11 23:59 294492 42857
346 2003 05 12 23:59 295121 42881
347 2003 05 13 23:59 301409 43750
348 2003 05 14 23:59 301409 43750
349 2003 05 15 23:59 301409 43750
350 2003 05 16 23:59 301409 43750
351 2003 05 17 23:59 301623 43786
352 2003 05 18 23:59 306941 44552
353 2003 05 19 23:59 307342 44606
354 2003 05 20 23:59 309034 44988
355 2003 05 21 23:59 309330 45011
356 2003 05 22 23:59 310806 45277
357 2003 05 23 23:59 310856 45267
358 2003 05 24 23:59 310856 45267
359 2003 05 25 23:59 310856 45267
360 2003 05 26 23:59 313244 45313
361 2003 05 27 23:59 313304 45313
362 2003 05 28 23:59 332705 48471
363 2003 05 29 23:59 332095 48398
364 2003 05 30 23:59 334780 48862
365 2003 05 31 23:59 336592 49126
366 2003 06 01 23:59 336592 49126
367 2003 06 02 23:59 336592 49126
368 2003 06 03 23:59 336592 49126
369 2003 06 04 23:59 344374 50429
370 2003 06 05 23:59 350357 51323
371 2003 06 06 23:59 350373 51323
372 2003 06 07 23:59 350373 51323
373 2003 06 08 23:59 353770 51822
374 2003 06 09 23:59 353770 51822
375 2003 06 10 23:59 353770 51822
376 2003 06 11 23:59 353770 51822
377 2003 06 12 23:59 355747 52300
378 2003 06 13 23:59 355747 52300
379 2003 06 14 23:59 355747 52300
380 2003 06 15 23:59 355747 52300
381 2003 06 16 23:59 355747 52300
382 2003 06 17 23:59 362427 53312
383 2003 06 18 23:59 362609 53309
384 2003 06 19 23:59 366731 53883
385 2003 06 20 23:59 365629 53611
386 2003 06 21 23:59 365894 53691
387 2003 06 22 23:59 366582 53772
388 2003 06 23 23:59 368988 54147
389 2003 06 24 23:59 375759 54732
390 2003 06 25 23:59 380229 55592
391 2003 06 26 23:59 385892 56393
392 2003 06 27 23:59 385892 56393
393 2003 06 28 23:59 387758 56701
394 2003 06 29 23:59 387802 56705
395 2003 06 30 23:59 401823 58898
396 2003 07 01 23:59 401378 58848
397 2003 07 02 23:59 409340 60121
398 2003 07 03 23:59 411743 60502
399 2003 07 04 23:59 411651 60487
400 2003 07 05 23:59 419498 61628
401 2003 07 06 23:59 420296 61654
402 2003 07 07 23:59 420844 61702
403 2003 07 08 23:59 420950 61708
404 2003 07 09 23:59 421275 61758
405 2003 07 10 23:59 424863 62290
406 2003 07 11 23:59 424934 62289
407 2003 07 12 23:59 424934 62289
408 2003 07 13 23:59 431277 63230
409 2003 07 14 23:59 431277 63230
410 2003 07 15 23:59 431277 63230
411 2003 07 16 23:59 436507 64022
412 2003 07 17 23:59 436507 64022
413 2003 07 18 23:59 443242 65016
414 2003 07 19 23:59 447154 65587
415 2003 07 20 23:59 453809 66585
416 2003 07 21 23:59 458804 67396
417 2003 07 22 23:59 458859 67407
418 2003 07 23 23:59 462999 68047
419 2003 07 24 23:59 464270 68252
420 2003 07 25 23:59 470738 69368
421 2003 07 26 23:59 470738 69368
422 2003 07 27 23:59 470738 69368
423 2003 07 28 23:59 470738 69368
424 2003 07 29 23:59 495524 70429
425 2003 07 30 23:59 495524 70429
426 2003 07 31 23:59 497006 70641
427 2003 08 01 23:59 497008 70641
428 2003 08 02 23:59 497851 70732
429 2003 08 03 23:59 496905 70654
430 2003 08 04 23:59 494263 70256
431 2003 08 05 23:59 477727 70380
432 2003 08 06 23:59 480327 70824
433 2003 08 07 23:59 482574 71127
434 2003 08 08 23:59 483368 71238
435 2003 08 09 23:59 483393 71201
436 2003 08 10 23:59 491805 72452
437 2003 08 11 23:59 491933 72429
438 2003 08 12 23:59 492807 72539
439 2003 08 13 23:59 480221 70518
440 2003 08 14 23:59 486315 71487
441 2003 08 15 23:59 506550 74623
442 2003 08 16 23:59 507004 74654
443 2003 08 17 23:59 514069 75753
444 2003 08 18 23:59 515255 75898
445 2003 08 19 23:59 508213 74929
446 2003 08 20 23:59 512238 75377
447 2003 08 21 23:59 520000 76388
448 2003 08 22 23:59 526436 77341
449 2003 08 23 23:59 526436 77341
450 2003 08 24 23:59 526436 77341
451 2003 08 25 23:59 533005 78200
452 2003 08 26 23:59 534002 78311
453 2003 08 27 23:59 533715 78289
454 2003 08 28 23:59 537168 78825
455 2003 08 29 23:59 537770 78923
456 2003 08 30 23:59 540062 79294
457 2003 08 31 23:59 545214 80094
458 2003 09 01 23:59 546014 80216
459 2003 09 02 23:59 545460 80137
460 2003 09 03 23:59 545759 80177
461 2003 09 04 23:59 546302 80242
462 2003 09 05 23:59 549024 80496
463 2003 09 06 23:59 552809 80820
464 2003 09 07 23:59 556240 81295
465 2003 09 08 23:59 559289 81507
466 2003 09 09 23:59 560124 81757
467 2003 09 10 23:59 561210 81851
468 2003 09 11 23:59 565340 82260
469 2003 09 12 23:59 562330 81889
470 2003 09 13 23:59 562330 81889
471 2003 12 18 00:39 583826 84367
248 2004 02 03  1:16 581215 84002
